1 0 0 0
2 -0.879914 -0.952306 0.00159062
3 0.0181611 -0.928352 -0.00465652
4 -0.170178 0.856122 0.00364517
5 -0.191741 0.607804 0.00261033
6 -0.1311 0.731925 0.00208
7 -0.0652012 0.749638 0.00171872
8 0.00902478 0.735848 0.00135603
9 0.0274387 0.643117 0.00109313
10 -0.0526846 0.482031 0.000992539
11 -0.223846 0.327762 0.000897596
12 -0.313461 0.21675 0.00075931
13 -0.412288 0.183398 0.000542394
14 -0.446116 0.215392 0.000371113
15 -0.63401 0.159157 3.67192e-05
16 -0.283951 -0.211969 0.000244623
17 -0.162115 0.320152 0.00026172
18 0.109355 -0.325398 0.000279245
19 0.466005 0.160463 0.000742017
20 0.125436 0.181745 0.000452342
21 -0.181731 -0.270586 0.000140804
22 0.285957 0.352589 0.00066599
23 0.147714 0.0144778 0.000531512
24 0.290189 0.0830347 0.00038725
25 0.246803 0.456455 0.000566412
26 0.0370933 -0.224501 0.000178048
27 -3.29672 0.851602 -8.55918e-05
28 15.4568 1.85229 -0.0016453
29 34.4558 -4.81834 -0.0018654
30 128.092 27.6476 -0.113345
31 -60.5856 -238.975 0.745065
32 -288.238 -234.718 0.637652
33 -314.236 -277.734 0.567252
34 -257.549 -240.87 0.50072
35 -239.416 -210.124 0.439297
36 -224.55 -245.935 0.390125
37 -212.378 -297.518 0.347726
38 -191.183 -261.166 0.306418
39 -179.718 -222.578 0.269213
40 -168.579 -200.445 0.236238
41 -166.624 -208.134 0.209277
42 -180.23 -245.339 0.18515
43 -160.423 -206.898 0.163968
44 -150.592 -185.61 0.144415
45 -146.467 -158.319 0.126957
46 -128.997 -158.553 0.11195
47 -118.587 -133.632 0.0992701
48 -116.441 -144.255 0.0882747
49 -104.095 -135.309 0.0780472
50 -99.1473 -126.879 0.0691699
51 -95.5691 -124.959 0.0614109
52 -96.5602 -143.822 0.0546882
53 -98.8144 -160.289 0.0483787
54 -96.271 -195.217 0.0422729
55 -96.2228 -227.603 0.0364162
56 -119.795 -206.318 0.0316277
57 -188.626 -150.27 0.0295688
58 -198.996 -100.291 0.0287435
59 -275.638 -86.1384 0.0265316
60 -296.877 -68.8494 0.0253894
61 -308.95 -74.2589 0.0249685
62 -316.43 -55.958 0.0234985
63 -320.655 -91.8157 0.0264756
64 -338.755 -131.902 0.025648
65 -297.172 -129.977 0.0230129
66 -275.184 -107.014 0.0224051
67 -247.077 -96.9601 0.0224674
68 -212.096 -93.2593 0.0216537
69 -212.073 -66.3137 0.0212992
70 -289.893 0.656444 0.0147841
71 -278.547 56.9474 0.0102713
72 -251.243 38.7263 0.00929425
73 -225.147 19.156 0.00747007
74 -200.679 2.53487 0.00667561
75 -190.284 3.33855 0.00583372
76 -165.965 15.1101 0.0042816
77 -142.555 29.0508 0.00260161
78 -127.849 18.0331 0.00247478
79 -111.327 9.93363 0.00261244
80 -72.7009 5.62261 0.00192084
81 -74.6855 15.078 0.000934848
82 -79.1532 74.5726 0.000706961
83 -106.376 81.5026 0.000641856
84 -103.96 92.4764 0.00119954
85 -127.744 100.049 0.00218677
86 -104.033 82.159 0.0015964
87 -95.7525 75.7753 0.000886492
88 -90.5929 78.9926 -0.00066639
89 -77.9364 64.2391 -0.000134969
90 -73.2177 58.0028 -0.000414195
91 -96.1162 43.0229 4.86839e-05
92 -99.2579 34.9234 0.00118849
93 -99.8979 29.8825 0.00100178
94 -92.5859 51.0994 -0.00044779
95 -83.4924 46.6262 -0.00106922
96 -103.527 20.8004 8.34428e-05
97 -102.888 7.63245 0.00012096
98 -102.972 0.55848 0.000352658
99 -104.456 -9.89071 0.000554993
100 -93.8027 -10.5227 0.000184989
101 -86.1406 -32.3574 0.00103474
102 -80.5938 -56.0645 0.00190125
103 -64.6592 -57.137 0.00253837
104 -56.9717 -55.5162 0.00208268
105 -76.0687 -57.6521 0.00297236
106 -68.1986 -57.9183 0.00309377
107 -61.3022 -60.9532 0.00230233
108 -61.7315 -64.6566 0.00246836
109 -52.7198 -89.2761 0.00326198
110 -40.5078 -70.23 0.00274261
111 -39.0407 -69.1408 0.0030923
112 -38.1082 -73.8804 0.00347578
113 -26.4735 -53.1569 0.00294901
114 -25.4566 -67.7138 0.00313989
115 -23.5352 -53.5102 0.00180024
116 -26.1264 -28.1033 -0.000891028
117 -21.2809 -18.7117 -0.00182686
118 -15.0054 -12.6505 -0.00192318
119 -11.9835 -12.6774 -0.0023123
120 -18.205 3.34974 -0.00323493
121 -6.63458 54.1538 -0.00463003
122 -0.484119 75.3849 -0.00705075
123 -5.38677 55.5316 -0.00553706
124 -1.96067 49.9898 -0.00501559
125 -3.19503 39.2171 -0.00481982
126 -1.11329 47.0824 -0.00483697
127 -3.25255 52.433 -0.00487223
128 2.9502 31.1439 -0.00347961
129 -1.23342 35.4841 -0.00376386
130 1.50543 36.3118 -0.00325399
131 -1.8945 17.0189 -0.00274013
132 2.60092 18.0993 -0.00254066
133 0.775896 15.3491 -0.00226658
134 -0.834194 20.7549 -0.00195025
135 0.657814 13.6181 -0.00153582
136 2.23588 6.37704 -0.00158677
137 2.53043 3.24178 -0.00126622
138 -0.867332 -2.49965 -0.00101373
139 4.38186 -8.56765 -0.000766677
140 3.10086 -12.2485 -0.000390091
141 6.38485 -1.40098 -0.000527514
142 5.18636 -8.23767 -0.000501515
143 2.8375 -1.30022 -0.000786149
144 2.79493 -7.04014 -0.000599934
145 1.455 -14.1895 0.000307008
146 1.63713 -10.5567 -9.63824e-05
147 1.52801 -9.50802 -0.000601837
148 -3.68563 -12.4303 -0.000301227
149 2.30018 -5.66825 -0.000351019
150 1.63652 -15.0999 4.94663e-05
151 0.0400675 -3.91518 -0.000566463
152 2.32457 -5.24346 -0.000729278
153 -4.23875 -8.18699 -0.000193686
154 -1.21373 -8.86503 -0.000335054
155 0.251414 -9.49532 -0.000529936
156 3.19882 11.2791 -0.00148642
157 -6.86006 -8.13011 -0.000981739
158 -2.84911 -23.7929 -0.000290488
159 6.59227 -80.9728 0.0010425
160 0.796621 -83.2805 0.000127649
161 3.71467 -55.8988 -7.97824e-06
162 10.202 -29.5474 -0.000493877
163 23.5589 -83.0861 0.00379173
164 -3.31099 2.79798 -0.00435694
165 -18.9503 78.1738 -0.00829142
166 -13.5739 62.8021 -0.00630202
167 -13.4836 89.7651 -0.00775461
168 -11.6045 78.0545 -0.00312579
169 6.64365 49.0872 0.00182012
170 13.4814 29.7892 0.00283675
171 7.52723 55.6736 -0.000610519
172 10.8116 57.6414 -0.000834136
173 12.1854 53.5345 -0.00141345
174 17.6162 41.953 -0.000985225
175 20.0597 12.0097 0.00126279
176 10.7385 59.4939 -0.00208935
177 11.5624 45.4412 -0.00114299
178 -7.29071 22.6016 -0.00148861
179 -9.43464 -4.00633 -0.00220057
180 -5.12343 18.106 -0.00235158
181 -0.836602 -10.5114 -0.000831161
182 -5.27717 -23.6441 -0.000717659
183 -14.0622 -9.76784 -0.00160746
184 -12.5784 1.06272 -0.00160266
185 -6.77533 -1.72634 -0.000564831
186 -7.51817 -14.749 0.000268146
187 -6.94584 -20.933 0.000432162
188 -3.26615 -29.2711 0.000960989
189 -6.07733 -32.3591 0.000701708
190 -11.1156 -37.6961 0.000283676
191 -2.38327 -48.8708 0.00229898
192 -3.20978 -28.0249 0.00104119
193 -5.23632 -24.9498 0.000386618
194 -5.40823 -26.0399 0.000786506
195 -2.03177 -34.3227 0.0015482
196 3.17226 -21.7758 0.000565151
197 -0.596017 -38.2287 0.00143048
198 2.69354 -77.705 0.00382134
199 11.7686 -53.168 0.00298292
200 5.7589 -57.9458 0.00241295
201 5.25989 -48.944 0.00194621
202 10.0677 -44.1387 0.00172837
203 5.97146 -42.743 0.00185354
204 4.74538 -49.2185 0.0016198
205 4.86136 -74.2119 0.00323162
206 2.9093 -71.6605 0.00264057
207 0.851088 -66.6774 0.00203005
208 2.54207 -71.3304 0.00276444
209 2.36146 -72.6427 0.00231923
210 0.902319 -93.8141 0.00235702
211 -3.25293 -68.5771 0.00148015
212 -1.51856 -28.4287 3.43052e-05
213 -0.675493 16.5069 -0.00126656
214 -5.04289 53.361 -0.00260838
215 -6.97716 15.0666 -0.00117533
216 0.627399 -21.0713 0.000208695
217 8.81662 -12.587 -0.000134903
218 -1.29301 -48.1404 0.000564508
219 2.67986 27.4753 -0.0022015
220 -5.81931 2.12305 -0.00174723
221 -2.13268 34.0856 -0.00250361
222 -4.20478 27.5267 -0.00214546
223 -1.16889 36.2 -0.00230813
224 -1.42873 46.581 -0.00249355
225 0.0365161 64.629 -0.00300032
226 2.44403 28.7229 -0.00128083
227 -1.37421 23.1032 -0.000817736
228 -1.57979 20.9889 -0.0011175
229 0.51337 10.4233 -0.000731709
230 2.36067 -0.341504 -0.000390214
231 6.05567 -18.2625 0.000782366
232 3.55633 -10.8543 0.000450931
233 4.58974 0.475192 -0.000125813
234 3.87804 4.28843 -9.94855e-05
235 5.30901 -4.88027 0.000139689
236 7.60491 -15.0245 0.00125149
237 3.0921 -12.0779 0.000435359
238 4.36958 -29.7597 0.00114283
239 3.14209 -34.9908 0.00120411
240 4.90099 -36.4623 0.00137814
241 4.16531 -38.093 0.00150486
242 3.08016 -33.7243 0.00119178
243 3.43926 -29.8849 0.00127867
244 -0.0754106 -28.9428 0.000869149
245 3.48988 -30.861 0.000916939
246 2.07089 -27.556 0.000784022
247 5.71974 -16.3136 0.000498676
248 3.77391 -17.9065 0.000665414
249 6.0735 -16.7542 0.000616089
250 11.9308 -30.6089 0.00192142
251 10.6003 -47.8304 0.00144965
252 1.07422 -53.5787 0.00178483
253 1.2483 9.52515 -0.000745834
254 -1.83889 -0.0907324 -0.00068923
255 2.20949 31.2071 -0.00183949
256 2.44599 45.8274 -0.00263467
257 6.15295 36.6227 -0.00195216
258 4.54941 36.0961 -0.00187992
259 4.35962 36.9628 -0.00226291
260 0.529989 22.4824 -0.0014358
261 5.14495 33.1377 -0.00194936
262 2.32598 8.34353 -0.000913843
263 -27.0495 -24.2539 0.00182475
264 -58.398 -62.2727 0.00443788
265 -102.3 -45.1663 0.00566549
266 -133.924 -17.6627 0.00668799
267 -165.007 -13.1271 0.00619767
268 -170.705 -12.9759 0.00561657
269 -179.979 -2.2504 0.00448872
270 -170.469 -18.2424 0.00518145
271 -166.981 -20.5058 0.00541521
272 -172.08 -47.1501 0.0065573
273 -167.876 -57.0119 0.00764041
274 -148.939 -57.5325 0.00776572
275 -137.012 -55.3435 0.00759647
276 -135.386 -40.6691 0.0060493
277 -137.236 -44.4913 0.00653084
278 -119.229 -26.8045 0.00457351
279 -103.413 -23.262 0.00314966
280 -88.478 -7.87318 0.00274577
281 -82.0745 -11.8817 0.0025836
282 -67.3855 -17.5862 0.0029113
283 -60.9396 -25.3477 0.0037269
284 -55.1996 -24.0045 0.00339862
285 -49.0663 -36.3509 0.00377996
286 -41.6902 -30.273 0.00313226
287 -46.7435 -19.3083 0.00234498
288 -1.48483 0.485889 -0.000548342
289 139.302 27.9416 -0.00638779
290 194.525 25.0654 -0.00513696
291 203.928 27.5864 -0.00519053
292 210.657 19.8749 -0.00453171
293 261.069 36.0292 -0.00441824
294 278.662 33.7896 -0.00415781
295 281.23 27.6152 -0.00295693
296 276.916 21.4039 -0.00230309
297 296.449 28.5989 -0.00312308
298 403.663 25.5128 -0.00370014
299 425.226 11.3268 -0.00293217
300 466.979 0.647819 -0.00452571
301 495.26 -14.2762 -0.00564249
302 469.574 -15.4713 -0.00529886
303 402.966 -18.8362 -0.00358295
304 341.401 -14.0238 -0.00376349
305 288.302 -13.9562 -0.00307132
306 256.315 -3.2848 -0.00267417
307 222.349 -6.90687 -0.00215733
308 191.201 -3.91019 -0.00207094
309 161.752 -7.44167 -0.00108452
310 127.625 -0.0198005 -0.00157233
311 64.3411 -17.5198 0.000507556
312 26.0239 -3.88815 0.000404619
313 -39.7412 -15.9587 -7.69471e-05
314 -50.8551 46.0018 -0.00655485
315 -158.26 55.0282 -0.00733749
316 458.128 465.431 -0.293273
317 -282.793 -1098.87 1.80772
318 -143.933 -955.623 1.55261
319 402.118 -1141.16 1.527
320 52.275 -1667.66 2.11969
321 52.9768 -1468.99 1.86306
322 46.1812 -1294.46 1.64179
323 39.9859 -1140.97 1.44616
324 28.6558 -1004.28 1.27468
325 76.9427 -893.717 1.12434
326 97.4045 -788.62 0.989201
327 85.8012 -695.088 0.871587
328 76.5729 -612.413 0.768747
329 67.405 -539.925 0.677432
330 59.5804 -475.802 0.596842
331 52.822 -419.366 0.526158
332 46.6878 -369.714 0.463788
333 41.2792 -325.612 0.408755
334 29.4519 -286.76 0.360333
335 91.3387 -257.46 0.31724
336 80.7945 -226.938 0.279684
337 70.891 -199.963 0.246413
338 62.765 -176.186 0.217265
339 55.4375 -155.298 0.191432
340 49.0678 -136.929 0.168642
341 43.7778 -120.704 0.148619
342 39.3011 -106.37 0.130932
343 35.5209 -94.0296 0.115515
344 32.5779 -82.6859 0.101746
345 30.0294 -73.1961 0.0896695
346 27.3908 -64.448 0.0789177
347 24.9571 -57.0349 0.0696389
348 22.3304 -50.2292 0.0613069
349 20.2235 -44.3143 0.0540865
350 18.0574 -39.2304 0.0476961
351 16.2235 -34.5246 0.0420911
352 14.5535 -30.5516 0.0372065
353 12.989 -26.9184 0.0327376
354 11.8302 -23.8308 0.0289214
355 10.6975 -21.0707 0.0256298
356 9.83848 -18.7013 0.0225634
357 9.74201 -16.3798 0.0200996
358 9.47636 -14.5226 0.0175776
359 -2.47279 -12.0016 0.015491
360 85.8416 -16.5009 0.014369
361 75.0355 -13.8293 0.0121233
362 65.8757 -12.3371 0.0104901
363 58.3433 -10.616 0.0092737
364 51.2461 -9.4823 0.00804883
365 45.5899 -8.42245 0.00723433
366 39.8897 -7.35504 0.00628397
367 35.3498 -6.64417 0.00571736
368 31.1515 -5.89588 0.00501813
369 27.5015 -5.10031 0.00436353
370 24.0125 -4.44172 0.00383384
371 21.0757 -3.98293 0.00344322
372 18.8869 -3.51696 0.00306605
373 16.4368 -3.09656 0.00271433
374 14.5104 -2.86545 0.00251692
375 13.0228 -2.50371 0.00223089
376 11.2219 -2.28139 0.00191225
377 10.1205 -1.9512 0.00162194
378 8.62523 -1.6982 0.0014543
379 7.85353 -1.5687 0.00128724
380 6.88441 -1.33186 0.00104298
381 5.95942 -1.25236 0.00102204
382 5.41938 -1.19372 0.000990221
383 4.58493 -1.22591 0.000948315
384 4.65403 -1.04249 0.000937731
385 3.6508 -0.83515 0.000731467
386 3.52141 -0.700878 0.000683389
387 3.13276 -0.640103 0.000584496
388 2.60153 -0.524608 0.000499244
389 2.31308 -0.431897 0.000420459
390 1.96498 -0.368287 0.000361757
391 1.99465 -0.407807 0.000344943
392 1.57304 -0.26543 0.000258416
393 1.35137 -0.322265 0.000306817
394 1.25602 -0.170073 0.000200542
395 1.32491 -0.240399 0.000358822
396 1.29393 -0.273678 0.000373147
397 0.890041 -0.20142 0.000242317
398 0.978883 -0.216215 0.000194528
399 0.695017 -0.229526 0.000131474
400 0.790144 -0.146479 5.78013e-05
401 0.707859 -0.157263 2.84347e-05
402 0.674752 -0.0166252 -6.03374e-05
403 0.386767 -0.00820115 -8.69246e-05
404 0.542753 -0.105901 -3.14766e-05
405 0.229904 -0.0410931 -4.49843e-05
406 0.406303 -0.1422 -1.1715e-05
407 0.212222 -0.0960464 -1.19424e-05
408 0.170002 -0.147602 -4.74543e-06
409 0.217192 -0.0664781 7.52416e-06
410 0.178223 -0.135071 -7.94665e-06
411 0.151912 -0.181635 4.55248e-05
412 0.156598 -0.0337926 -5.65217e-05
413 0.149165 0.00249545 -4.25907e-05
414 0.227908 0.0337145 -4.15232e-05
415 -0.0377738 -0.0561927 -5.86037e-06
416 0.181119 -0.0139857 -9.16629e-05
417 -0.0109892 -0.0218157 1.72718e-05
418 0.249037 -0.0574622 4.637e-05
419 0.250553 -0.0684322 0.000106182
420 0.230392 -0.0386296 0.000157994
421 0.176058 -0.016087 0.000116767
422 0.187813 0.0448151 3.78699e-05
423 -0.0522007 -0.0885987 9.76459e-05
424 -0.0471926 -0.0179106 0.000108689
425 0.129538 -0.175451 0.000202108
426 0.148422 -0.143548 0.000178578
427 0.0802371 -0.209007 0.000194279
428 0.0309494 -0.0921351 8.21718e-05
429 -0.0178793 -0.13453 0.000112987
430 0.336014 -0.234165 0.000130744
431 0.165852 -0.241786 0.000159563
432 0.440231 -0.269082 0.000221569
433 0.12686 -0.193472 0.000191943
434 0.045602 -0.236421 0.000215019
435 0.290453 -0.313804 0.000275035
436 0.279567 -0.235049 0.000188028
437 0.293311 -0.195106 0.000164826
438 0.0557291 -0.211266 0.000167843
439 0.295992 -0.280306 0.00017257
440 0.0660461 -0.270849 0.000192618
441 0.061627 -0.210143 0.000151042
442 0.296652 -0.240498 0.000213906
443 0.310567 -0.218485 0.000174285
444 0.0923972 -0.221291 0.000183068
445 0.345264 -0.252171 0.000212472
446 0.116575 -0.127422 0.000186609
447 0.314893 -0.194745 0.000217419
448 0.280682 -0.198863 0.000194793
449 0.305713 -0.224569 0.000206201
450 -0.0239827 -0.226617 0.000212099
451 0.294504 -0.253164 0.00030042
452 0.164247 -0.262525 0.000230932
453 -0.032871 -0.174822 0.000193559
454 0.157581 -0.236037 0.000168472
455 0.161762 -0.160425 0.000201924
456 0.126761 -0.208524 0.000216621
457 0.144469 -0.308375 0.000255216
458 0.169877 -0.234412 0.000203944
459 -0.0682798 -0.11129 8.75153e-05
460 0.0572114 -0.240349 0.000186785
461 0.14323 -0.267973 0.00021715
462 0.262879 -0.273878 0.000196352
463 0.315483 -0.326672 0.000290851
464 0.0976576 -0.376645 0.000350445
465 0.277678 -0.396625 0.000328342
466 0.183317 -0.379856 0.000268706
467 0.179749 -0.411346 0.0003184
468 0.159188 -0.356759 0.000244221
469 0.151329 -0.350628 0.000282389
470 0.05905 -0.249066 0.000147112
471 0.130729 -0.23213 0.000174901
472 0.102723 0.0133629 -1.09515e-05
473 0.163406 -0.012781 4.42668e-05
474 0.164931 -0.0202549 6.64886e-05
475 0.105205 -0.14019 0.000147086
476 0.136367 -0.163435 0.000248309
477 0.32901 -0.146377 0.000220461
478 0.286356 -0.0689284 0.000265882
479 0.0688789 0.0374309 2.43596e-05
480 0.184895 -0.167884 0.000114884
481 0.00951956 -0.133648 -4.12612e-05
482 0.023058 0.0559286 0.000145013
483 0.00405305 -0.0114585 -7.73863e-05
484 0.202649 -0.0608124 8.58606e-05
485 -0.153126 -0.0503579 3.51733e-06
486 0.0990132 -0.0512275 -6.11791e-05
487 0.149693 -0.130741 3.75288e-05
488 -0.143586 -0.07037 -0.000102633
489 0.250306 -0.163956 0.000115645
490 0.0930915 -0.316451 7.98835e-05
491 0.567983 -0.327552 0.000215615
492 0.219756 -0.296915 3.77493e-05
493 0.0941411 -0.179343 -4.14607e-05
494 -0.197571 -0.0340338 -0.000219301
495 -0.419964 0.0136983 -0.000405553
496 -0.206516 -0.0434728 -0.000280782
497 -0.320616 0.104518 -0.000445303
498 -0.420124 -0.0735244 -0.000534933
499 -0.0804987 0.12689 -0.000243501
500 -0.229752 -0.260743 -0.000184758
501 -0.0128293 -0.0259133 -0.000117224
502 0.295172 -0.100613 -1.04422e-05
503 0.116625 -0.117588 5.33388e-05
504 0.35403 -0.107967 9.41255e-05
505 0.330249 -0.172769 0.000128816
506 0.00709306 -0.222937 0.000150819
507 0.347215 -0.116437 0.000247834
508 0.190374 -0.333944 0.00022185
509 0.363381 -0.322124 0.000322737
510 0.311908 -0.31282 0.000272574
511 0.491349 -0.438566 0.000465839
512 0.249494 -0.261016 0.000251578
513 0.36465 -0.215952 0.000391053
514 0.196808 -0.235854 0.000238236
515 0.368231 -0.237545 0.000461317
516 0.195812 -0.304459 0.00034774
517 0.343902 -0.251064 0.00041253
518 0.524252 -0.149388 0.00027607
519 0.389405 -0.185488 0.000489354
520 0.23896 -0.063014 0.000379287
521 0.518373 -0.0984306 0.000319248
522 0.109836 -0.231576 0.000296791
523 0.527512 -0.166814 0.000465512
524 0.38438 -0.228624 0.000462496
525 0.386839 -0.205968 0.000515422
526 0.0668405 -0.330868 0.000409488
527 0.174582 -0.306183 0.000247896
528 0.369303 -0.195172 0.000407319
529 0.454141 -0.132834 0.000133092
530 0.454928 -0.21224 0.000399365
531 0.101056 -0.180608 0.000213155
532 0.371128 -0.123564 0.000275933
533 0.280979 -0.243423 0.000301338
534 0.345187 -0.14123 0.00030266
535 0.286181 -0.100448 0.000178151
536 0.279238 -0.290701 0.000313434
