1 1.73314 0.443198 -0.000172447
2 -0.667458 -1.07908 0.00194376
3 0.300559 -2.22038 -0.00992617
4 0.0708789 -0.0802453 0.000155689
5 -0.0439354 -0.376938 -2.45931e-05
6 -0.0683412 -0.21787 -4.76939e-06
7 -0.0759968 -0.13514 0.000100623
8 0.000192485 -0.00698929 4.89165e-05
9 0.12911 0.098214 -7.61688e-05
10 0.234301 0.113701 -4.29917e-05
11 0.166372 0.0770454 4.51323e-05
12 0.180882 -0.00200848 0.00015937
13 0.133272 -0.0517033 0.000159776
14 0.231578 0.0810718 0.000292712
15 -0.330568 0.331686 -0.000252818
16 -0.146538 -0.490027 -7.20215e-05
17 -0.338275 0.620347 -0.000129967
18 -0.371328 -0.506744 -0.000529808
19 0.35966 0.00915989 0.000256324
20 0.264502 0.403496 0.000209407
21 -0.49381 -0.627802 -0.000606255
22 0.0942557 0.318633 7.10666e-05
23 -0.175899 -0.128817 6.49977e-05
24 0.0438186 -0.361158 -0.000197029
25 0.249995 0.546982 0.000434514
26 0.334844 -1.21473 0.000519148
27 -25.4829 -0.173933 0.00180464
28 -34.3623 7.97289 0.000168006
29 -79.3445 4.82793 -0.0022513
30 234 304.012 -0.956142
31 275.387 38.1913 0.0205811
32 65.7075 80.0285 -0.00618814
33 -19.7359 -3.24021 -0.000749199
34 16.5309 8.53562 0.00166523
35 17.7379 81.2787 -0.00401126
36 17.3365 91.3971 -0.00444672
37 6.56276 -2.11389 0.000154503
38 14.7808 -7.11713 0.00105367
39 15.0381 10.9457 0.000955253
40 25.6687 45.0218 -0.00136764
41 38.3644 68.9024 -0.000943542
42 3.50633 -10.1159 -0.000894422
43 12.5814 3.30542 0.000137661
44 15.7347 -3.09535 0.000324784
45 0.91552 21.2386 -0.000188519
46 7.4491 -2.66681 -0.00082453
47 13.951 31.5198 -0.000947673
48 3.02236 10.8342 -0.00035967
49 9.96198 11.4869 -0.000524631
50 11.5008 20.9328 -0.000605361
51 16.3384 44.6369 -0.000664545
52 17.3392 47.4635 -0.000136369
53 13.1385 69.7473 0.000541601
54 20.1113 63.1914 0.000977781
55 53.3899 1.02122 0.000207886
56 101.493 -40.7741 -0.00236734
57 53.7782 -36.9174 -0.00328089
58 123.15 -3.35357 -0.00173004
59 69.5244 -5.9925 -0.0027232
60 61.472 14.9875 -0.00329755
61 57.6668 -3.17635 -0.00262792
62 56.0312 56.2888 -0.00691416
63 63.8247 59.8134 -0.00274319
64 0.585391 14.5047 -0.000852478
65 15.783 -8.04571 -0.0028701
66 5.13611 3.69403 -0.00340676
67 -0.366537 5.06969 -0.00235329
68 44.7944 -28.1693 -0.00184949
69 120.54 -75.3945 0.00494156
70 27.1574 -61.865 0.00310638
71 7.20421 15.5793 -0.000166534
72 4.85832 19.1207 0.000807313
73 4.58077 15.8194 -7.66427e-05
74 14.9095 -3.41491 0.00021073
75 -2.48898 -16.0407 0.00114957
76 -3.95517 -16.5736 0.00129405
77 1.82873 9.51144 -0.000262617
78 -5.13584 6.85401 -0.000415455
79 -26.8246 0.69054 0.000550725
80 14.883 -21.2468 0.000875347
81 21.0405 -72.4313 0.000113711
82 43.8409 -21.437 -0.000140395
83 16.9533 -26.1612 -0.000883265
84 39.7911 -20.2362 -0.00121674
85 -8.94342 6.06727 0.000483478
86 5.5567 -5.5843 0.000803088
87 6.94417 -13.0446 0.00157804
88 -0.765342 6.05906 -0.000479706
89 10.3138 -0.286986 0.000248832
90 38.346 9.59032 -0.000639765
91 18.527 3.02402 -0.00126408
92 14.9238 -2.74432 0.000266199
93 6.10863 -27.8955 0.00159168
94 7.01516 1.53453 0.000606933
95 36.0583 24.8167 -0.00117685
96 15.3948 13.3116 -9.60071e-05
97 16.1022 8.6983 -0.000313125
98 15.9092 12.6134 -0.000251649
99 2.59735 6.1709 0.000189012
100 4.53924 30.5842 -0.00115825
101 4.41173 32.5773 -0.00125477
102 -6.68679 9.76492 -0.000980167
103 3.97347 7.37388 -7.60207e-06
104 29.5698 11.2379 -0.0013556
105 1.65508 9.89834 -0.0004855
106 2.49264 13.5662 0.000391711
107 8.37776 17.2041 -0.000664214
108 -2.74142 35.5395 -0.00122894
109 -6.18518 -8.2335 3.12726e-05
110 4.21968 10.0155 -0.000879792
111 3.16409 13.2726 -0.000841859
112 -7.70559 -10.5524 7.38847e-05
113 2.68631 22.3277 -0.000412047
114 2.02688 -10.0425 0.00149853
115 5.76665 -22.6289 0.00297932
116 -2.55925 -7.48665 0.00124674
117 -4.31355 -4.57392 0.000480548
118 -0.445395 -1.61293 0.000928405
119 7.13825 -24.8471 0.00168996
120 -11.4015 -62.1076 0.00245978
121 -5.38072 -29.7352 0.00327149
122 5.22851 12.2713 -0.000736742
123 -2.96834 -0.73759 0.000229051
124 1.43655 3.38702 0.000554359
125 -1.69445 -15.5954 0.00074724
126 1.76096 -10.2866 0.000581445
127 -6.06014 15.8001 -0.000818724
128 4.00858 -9.59228 0.000779509
129 -2.53246 -3.49461 -8.82613e-05
130 3.0371 16.5199 -0.000125013
131 -4.58728 -3.561 0.000145697
132 1.91919 -0.31005 2.09387e-05
133 1.47474 -7.36325 -7.71092e-05
134 -1.83872 6.22817 -0.000174881
135 -1.91534 6.87477 0.000242002
136 -0.267181 3.65843 -0.000168877
137 2.73356 7.1245 -0.00014061
138 -5.7967 7.76483 -0.000183404
139 0.318579 4.02534 -0.000294293
140 -4.04173 -9.69146 0.000220647
141 0.761266 7.1784 9.01312e-05
142 1.94148 -5.70165 0.000360347
143 -0.185839 7.87124 -0.000224245
144 1.09977 8.77742 -0.000882174
145 -0.327281 -2.10694 0.000490826
146 0.559878 0.767671 0.000552516
147 4.87333 3.97188 -0.000252573
148 -6.21129 -4.64034 5.5278e-05
149 0.626809 10.0777 -0.000310299
150 1.36297 -10.3051 0.000718778
151 -1.69268 2.61247 0.000196827
152 6.71682 4.28713 -0.000476857
153 -3.09955 1.78456 0.000242211
154 -1.76689 -0.652931 0.000413354
155 -1.98796 -19.0187 0.00109145
156 10.3193 24.3093 -0.000484777
157 -4.92714 28.2355 -0.000833991
158 -9.64862 69.5154 -0.00134983
159 5.05429 10.5746 0.000917462
160 -4.7054 -21.9278 0.000147053
161 -9.55009 -15.4233 7.68139e-05
162 -12.5286 51.5554 -0.0035299
163 29.7062 -97.8055 0.00940021
164 17.7387 -85.6766 0.00493135
165 -3.37006 1.72654 -0.000893114
166 1.31667 -38.4657 0.00183403
167 -3.04172 4.39771 -0.00492373
168 -20.2327 23.782 -0.00531452
169 -8.08491 10.604 -0.000915486
170 4.22593 -34.7327 0.00358742
171 -5.2992 -9.99408 0.00042962
172 -4.14133 -1.92559 0.000694707
173 -8.35413 8.76459 -0.000557043
174 -4.07917 21.0471 -0.00194126
175 7.92044 -54.013 0.00353938
176 0.342869 11.0403 -0.000699757
177 20.2219 23.0846 0.000687185
178 2.86763 24.4202 0.00104627
179 -4.06377 -20.243 0.00028052
180 -3.28707 31.9794 -0.00139045
181 6.58313 14.4398 0.000133459
182 10.6238 -13.9436 0.00111516
183 -0.41597 -10.2676 6.50276e-05
184 -4.65347 5.24073 -0.00108441
185 1.75671 16.4687 -0.000910574
186 0.00625642 10.8254 -0.000307745
187 -2.65183 13.5127 -0.000634519
188 4.36204 9.13285 0.000176598
189 5.43238 12.5022 8.80758e-05
190 -8.19104 15.4801 -0.00216509
191 1.63419 -16.9179 0.00118735
192 2.78439 1.12644 0.000518444
193 0.388096 6.2321 -0.000623668
194 -3.80385 12.1216 -0.000874271
195 -5.20362 -5.83338 0.000712732
196 3.17536 28.0486 -0.00144102
197 -4.99635 47.829 -0.00284203
198 -9.97341 -15.7157 0.000473018
199 5.10181 12.2987 0.000271121
200 -0.979314 -2.12985 0.000195041
201 -5.71144 2.05629 -7.0208e-05
202 3.36099 6.7845 -0.000409366
203 0.515193 17.9666 -0.000255647
204 -0.530455 36.0628 -0.00201212
205 1.78531 7.93987 0.000260814
206 1.67175 6.20039 0.000189677
207 -2.01703 16.3206 -0.00109325
208 0.122289 15.2599 0.000101201
209 1.92864 30.8695 -0.000233839
210 4.38669 -21.8406 0.000902001
211 -1.53531 -43.3705 0.00166667
212 -0.0412897 -52.3415 0.00167319
213 5.27491 -38.4563 0.00149666
214 1.69221 41.4706 -0.00145928
215 -8.77358 38.6383 -0.00137001
216 -8.04852 -2.51447 0.000312716
217 9.86085 31.7184 -0.000364098
218 -3.1393 -76.6024 0.00305303
219 8.8662 20.1527 -7.13632e-05
220 -3.09546 -36.4655 0.00109452
221 2.25472 0.666663 5.93937e-06
222 -2.8495 -16.2021 0.000556589
223 0.214394 -19.6748 0.000615349
224 -1.76607 -22.3923 0.000697189
225 -2.19599 32.3875 -0.00158713
226 4.01382 2.6097 -0.000298558
227 0.0773364 0.764175 0.000403386
228 -2.53162 10.9695 -0.000348477
229 -2.74062 13.4204 -0.000454774
230 -4.26912 19.3668 -0.00123092
231 1.79482 -7.53249 0.000349412
232 -1.67218 -11.7764 0.000584349
233 -0.150905 -2.8417 -6.9377e-05
234 -2.52379 11.4987 -0.000418974
235 -2.80138 12.4115 -0.00119468
236 3.85347 1.80202 0.000636349
237 -1.8012 23.1645 -0.000898871
238 0.482798 10.9296 -0.000277686
239 -2.38464 7.30079 -0.000401896
240 0.257103 6.79978 -0.000312993
241 0.6136 0.26906 0.000122478
242 -0.419464 0.694489 -0.000222762
243 2.99124 3.76323 0.000270254
244 -3.96001 5.97844 -0.000164413
245 0.560499 -0.728173 5.14281e-05
246 -4.30036 -8.43245 0.000179247
247 0.884507 4.54036 -0.000288733
248 -4.10262 3.96817 -0.000239971
249 -7.3077 21.2473 -0.00153092
250 1.16672 24.2556 0.000247236
251 9.38474 4.37319 -0.000216701
252 0.0253499 -63.7843 0.00266412
253 2.72831 4.47559 0.000244597
254 -4.50228 -38.2393 0.00154613
255 -1.15923 -20.3097 0.00109845
256 -4.40199 3.60383 -0.000383938
257 0.99478 -4.94446 0.000263707
258 0.0315331 -4.50714 0.000613242
259 3.18507 9.94582 -0.000554082
260 -4.25359 -11.1711 0.000590504
261 7.82692 29.3098 -0.00137834
262 39.4924 41.8565 -0.00345811
263 48.0335 44.462 -0.0035152
264 65.4291 -14.4546 -0.00225679
265 57.4623 -25.4864 -0.00197255
266 57.8322 -2.69253 -0.000362779
267 33.5177 0.551912 -0.000133605
268 35.7593 -7.75808 0.000312403
269 16.5813 19.7723 -0.00156308
270 23.1634 9.81273 -0.00127785
271 30.8098 35.5219 -0.00233347
272 18.7344 18.7342 -0.0022846
273 2.36292 8.83494 -0.00127636
274 9.13723 4.17241 -0.000776798
275 19.317 -8.13271 0.000575398
276 20.0401 7.88047 -0.0011627
277 -2.24078 -14.3733 0.00147561
278 -2.21594 -2.21325 0.000998438
279 -2.48302 -13.3968 -7.51552e-06
280 3.93604 6.91051 -0.000307489
281 -5.33981 9.65558 -0.000901954
282 1.99919 11.7361 -0.00135054
283 1.73557 4.1502 -0.000243151
284 0.280494 16.7643 -0.000842263
285 -1.46613 -3.5631 0.000359273
286 2.16993 -11.6089 0.000991644
287 -68.1424 -24.0901 0.00386172
288 -171.316 -31.3961 0.00663861
289 -87.2712 -1.30243 -0.000456839
290 -43.3168 -5.94602 0.000755685
291 -47.7603 2.16725 2.01489e-05
292 -93.862 -21.2716 0.000507304
293 -61.3957 -1.94889 0.000188842
294 -46.4147 2.70506 -0.000823596
295 -44.1784 1.86733 -0.000156893
296 -82.9745 -10.8344 0.00138499
297 -174.375 1.58912 0.00107005
298 -94.7763 14.4026 -4.13792e-05
299 -118.125 12.9349 0.00246019
300 -99.8126 17.3898 0.00190617
301 -35.6102 4.02333 0.000215985
302 14.6619 5.5184 -0.00114569
303 17.4495 -2.85366 0.000648951
304 13.9983 0.512465 -0.000287191
305 -1.88506 -9.65068 -6.57139e-05
306 4.93124 4.2901 -0.000214436
307 6.8726 -1.9491 8.69697e-05
308 11.0362 3.8644 -0.000784394
309 25.1033 -4.97094 0.000414851
310 60.6568 18.1698 -0.0021138
311 44.8446 -12.5489 0.000255861
312 74.4674 4.14744 0.00153954
313 24.8418 -74.7602 0.00777481
314 51.0264 -48.9913 0.00307019
315 -576.674 -241.571 0.00963953
316 752.866 1718.42 -2.3438
317 -194.138 44.8698 0.00570147
318 -554.185 440.51 -0.298388
319 341.755 751.1 -0.877547
320 -7.75073 -0.737979 0.00561317
321 0.662717 -0.0819652 0.000142047
322 0.666775 0.244541 0.000714753
323 -1.04446 -0.0145586 -0.000397357
324 -63.1819 10.0186 -0.000902305
325 -33.6005 1.17938 0.00185524
326 -0.103768 0.111098 7.4055e-05
327 -1.08259 -0.120267 -0.000737263
328 0.05103 0.263089 5.39511e-05
329 -0.255806 0.00103414 0.000138638
330 -0.38819 0.0901893 -0.000230122
331 -0.216265 0.143237 -0.00013021
332 -0.442344 -0.158346 -5.55033e-05
333 -2.14385 0.514463 -8.60278e-05
334 -74.2348 5.3984 0.000329751
335 -0.301442 0.0511933 -0.000122668
336 0.303336 -0.0356004 5.29544e-05
337 -0.356636 -0.0298584 -0.00012086
338 -0.188425 0.049164 4.76216e-05
339 -0.341718 0.0876743 6.67961e-05
340 -0.741475 0.0446907 5.94494e-07
341 -0.984812 0.0403042 2.63773e-05
342 -1.23108 0.308587 -0.000140379
343 -1.66999 -0.152503 6.06563e-05
344 -1.65753 0.36912 8.25652e-06
345 -1.18592 -0.0279273 0.000105103
346 -0.992622 0.268416 -9.63623e-05
347 -0.471329 -0.0264922 6.13593e-05
348 -0.661237 0.0828106 -7.37875e-05
349 -0.320319 0.197585 -4.75988e-05
350 -0.39596 -0.0342477 -8.3043e-05
351 -0.324875 0.145242 -0.000122814
352 -0.251537 0.012317 4.38463e-05
353 -0.488653 0.136571 -0.000102648
354 -0.396505 0.0975559 -0.000162394
355 -0.65177 0.136788 -4.30655e-06
356 -1.37357 -0.101245 -0.000225581
357 -1.16791 0.0979874 0.000140137
358 -1.16279 -0.012384 -9.87619e-05
359 -99.7829 6.61623 -0.000727658
360 0.727999 -0.790148 0.000641407
361 0.241559 0.133708 0.000217479
362 -0.311169 -0.270013 -1.69941e-05
363 0.131863 0.153207 0.00012014
364 -0.447057 0.0681507 -0.000149937
365 0.295273 -0.0509616 7.67593e-05
366 -0.223519 0.188522 -0.000199442
367 -0.00199381 0.0306485 3.20932e-05
368 -0.0204921 -0.114988 6.69751e-05
369 0.260532 -0.0494179 2.48078e-06
370 0.053163 0.0792716 -7.87769e-05
371 -0.325514 0.0102754 -4.04333e-05
372 0.227299 0.0174669 -3.32159e-05
373 -0.0600971 0.153075 -0.000142418
374 -0.232203 -0.0141717 -5.11163e-06
375 0.258824 0.0757659 7.01419e-05
376 -0.222465 -0.0691482 6.80393e-05
377 0.295438 -0.0139308 -2.76122e-05
378 -0.279128 0.0760774 5.1802e-06
379 0.0547896 -0.0430417 8.59047e-05
380 0.098751 0.106466 -0.000132275
381 -0.172495 0.127779 -0.000115028
382 0.131285 0.18977 -9.96178e-05
383 -0.633596 -0.0563991 -0.000102
384 0.464635 -0.099835 0.000102191
385 -0.346369 -0.0372986 -4.09081e-05
386 -0.00942966 0.0188035 2.29769e-05
387 0.178416 -0.0495132 2.1085e-05
388 -0.0168918 -0.0349172 2.30328e-05
389 0.0469841 -0.00298417 6.69631e-06
390 -0.269734 0.0816448 -2.42028e-05
391 0.213002 -0.0951772 4.05314e-05
392 0.0248726 0.084863 -8.29402e-05
393 -0.109202 -0.114255 5.04881e-05
394 -0.262065 0.111471 -0.000213481
395 -0.108719 0.0649611 -5.08487e-05
396 0.257174 -0.0385455 0.000102083
397 -0.198812 0.0487724 2.89788e-05
398 0.162742 0.0359527 5.49278e-05
399 -0.203895 -0.0614971 7.11618e-05
400 -0.0170785 0.0134528 3.91673e-05
401 -0.0295687 -0.137458 0.000101171
402 0.209605 0.00697818 3.1678e-05
403 -0.194927 0.106106 -4.91435e-05
404 0.253753 -0.0435136 1.53123e-05
405 -0.208679 0.116943 -3.15914e-05
406 0.166736 -0.0246659 7.37438e-07
407 0.00928734 0.0634204 -8.15711e-06
408 -0.0744048 -0.059545 -1.18711e-05
409 0.015218 0.0936663 1.04815e-05
410 0.00194856 0.0510089 -4.49748e-05
411 -0.0288915 -0.148648 0.000108583
412 -0.0230432 -0.0397662 -8.01387e-06
413 -0.0770093 -0.0233179 1.32308e-06
414 0.240774 0.0923527 -2.37816e-05
415 -0.222631 -0.0380435 8.2316e-05
416 0.153373 0.0169135 -0.000117538
417 -0.29846 0.0455975 -4.65774e-05
418 -0.0361973 0.0163887 -8.33521e-05
419 -0.00683486 -0.0282172 -6.8518e-05
420 0.0300411 -0.0268631 3.40095e-05
421 -0.00423411 -0.0481523 6.32043e-05
422 0.243629 0.139438 -7.8596e-05
423 -0.0253652 -0.0438917 -4.2026e-05
424 -0.198273 0.180959 -0.000121255
425 -0.0303345 -0.00164842 -4.46802e-06
426 0.0634426 0.0809817 -2.92075e-05
427 0.0450392 -0.0938027 9.40355e-05
428 -0.000581121 0.0790713 -5.19454e-05
429 -0.384574 0.137666 -4.3834e-05
430 0.108319 0.0480849 -6.27859e-05
431 -0.293117 0.0585131 -9.25164e-05
432 0.301168 -0.0374061 -4.86294e-06
433 0.0362954 0.0900608 -6.40166e-05
434 -0.288084 0.113219 -8.88211e-05
435 -0.0303981 -0.0478433 6.12561e-05
436 -0.0268234 -0.00564317 -3.07801e-06
437 0.196236 0.0594513 -3.02158e-05
438 -0.251115 0.110022 -3.40139e-05
439 0.215449 0.0238448 -4.47809e-05
440 -0.0415388 -0.0237022 9.06107e-06
441 -0.279449 0.0644814 -9.02643e-05
442 -0.0330363 0.0127695 1.05581e-05
443 0.168654 0.039651 -4.14067e-05
444 -0.27508 0.052158 -5.90522e-05
445 0.180409 -0.0942615 -7.55818e-06
446 -0.241734 0.0988469 -6.14309e-05
447 -0.00732099 0.0392063 -9.83048e-06
448 -0.0275459 0.0615495 -4.60789e-05
449 0.287052 0.0414414 -5.11099e-05
450 -0.340467 0.0657355 -0.000123442
451 0.131381 0.037679 3.977e-05
452 0.172583 -0.0523622 1.0382e-05
453 -0.214957 0.087455 -6.7501e-06
454 -0.0242801 -0.0412928 -6.78117e-05
455 0.0125897 0.0942717 -5.30755e-05
456 -0.0395584 0.134148 -6.82036e-05
457 -0.0176988 -0.0538402 3.54782e-05
458 0.227094 -0.0850743 8.67236e-05
459 -0.150381 0.171083 -0.000132937
460 -0.127507 0.07153 -6.30829e-05
461 -0.16468 0.0578773 -2.56632e-05
462 -0.0713203 0.111829 -0.000148455
463 0.176582 0.111454 -0.000109588
464 -0.208428 0.0796321 -2.05817e-05
465 0.0668545 0.0460846 1.15521e-05
466 -0.0208224 0.0866126 -8.81454e-05
467 -0.00126423 -0.0022562 3.3031e-05
468 -0.00278396 0.0316175 -6.11578e-05
469 0.0723392 -0.0704812 0.000111771
470 -0.0889335 -0.018401 -2.73415e-05
471 0.00267468 -0.242999 0.000178228
472 -0.085272 0.0318695 -6.75399e-05
473 -0.0190799 0.0297111 -4.71778e-05
474 0.0346462 0.144779 -0.000118721
475 -0.0809234 0.0441897 -0.000135852
476 -0.232934 -0.00799734 -8.69395e-06
477 0.0299839 -0.079135 -5.07327e-05
478 0.192325 -0.0814415 0.000226458
479 -0.117788 0.222358 -8.74368e-05
480 0.171745 -0.0413953 0.000137802
481 -0.0174279 -0.186782 -0.000177396
482 -0.00580746 0.0766683 0.000210908
483 -0.180092 0.0574219 -0.000162674
484 0.339977 -0.00093574 9.01135e-05
485 -0.270372 0.0202856 6.11841e-05
486 -0.0363025 0.0928683 -8.7246e-05
487 0.256397 -0.0316258 0.000122593
488 -0.417305 0.14296 -0.000233023
489 0.0765477 0.20247 6.21735e-06
490 -0.505578 0.0544452 -0.000139379
491 0.340242 -0.00587727 0.000188542
492 0.160491 -0.11316 0.000116982
493 0.352977 -0.146601 0.000238862
494 0.257105 -0.0436221 0.000233568
495 -0.162348 0.0442003 -5.43954e-05
496 0.172723 -0.139736 0.000241512
497 0.114452 0.165781 0.000126083
498 -0.309213 -0.164519 -0.000264407
499 0.145206 0.393283 -4.29267e-05
500 -0.25979 -0.218805 -6.73764e-05
501 -0.33097 0.0930078 -0.000116055
502 0.124705 0.03526 -7.92654e-05
503 -0.282964 0.0181182 -6.15778e-05
504 0.0159195 0.0978951 -6.0176e-05
505 0.271899 0.0728329 -6.03276e-05
506 -0.373309 -0.0547319 -0.000133601
507 0.100912 0.267761 -2.36938e-05
508 -0.224698 0.0390149 -0.00014683
509 -0.0202375 0.0551479 -1.82313e-05
510 -0.220293 0.165507 -0.000235017
511 0.188163 -0.143476 0.00015598
512 -0.148979 -0.00813562 -0.000180954
513 0.113637 0.0581095 8.3219e-05
514 -0.205476 0.0477031 -0.000278282
515 0.115507 0.103937 5.16399e-05
516 -0.226563 -0.0297007 -0.000111923
517 -0.238489 -0.0752127 6.2734e-05
518 0.092775 0.047011 -0.00027109
519 0.0771678 -0.104511 6.03445e-05
520 -0.304863 0.0702926 1.0275e-05
521 0.3295 0.160401 -5.00739e-05
522 -0.476733 -0.0292965 -0.0002415
523 0.0892222 0.0963906 -7.46175e-05
524 -0.0157092 0.0280169 -0.000113663
525 0.288502 0.170104 6.46673e-05
526 -0.166913 0.00461062 0.000103231
527 -0.264558 -0.0887641 -0.000185235
528 -0.148989 -0.0300716 0.000215756
529 -0.0219574 0.106634 -0.00030085
530 0.297813 -0.0101688 0.000142747
531 -0.314985 -0.0213182 -0.000109402
532 0.0378114 0.141574 -7.00833e-05
533 -0.107448 -0.0822694 -3.02439e-05
534 0.0242907 0.00663746 8.80148e-05
535 0.02854 0.251472 -9.26893e-05
536 0.43952 0.163632 0.000629545
